0.00000 0.00000 0.00000
0.05125 0.02277 0.04380
0.07187 0.06496 0.07627
0.06371 0.11269 0.10549
0.02770 0.15070 0.13279
-0.02860 0.16532 0.15874
-0.09187 0.14756 0.18367
-0.14550 0.09542 0.20778
-0.17305 0.01492 0.23120
-0.16185 -0.08056 0.25405
-0.10614 -0.17250 0.27639
-0.00893 -0.24068 0.29829
0.11780 -0.26727 0.31979
0.25469 -0.24059 0.34094
0.37813 -0.15812 0.36176
0.46454 -0.02774 0.38229
0.49489 0.13279 0.40255
0.45870 0.29841 0.42255
0.35675 0.44079 0.44232
0.20177 0.53336 0.46187
0.01711 0.55627 0.48122
-0.16674 0.50052 0.50037
-0.31714 0.37035 0.51935
-0.40493 0.18338 0.53815
-0.40985 -0.03158 0.55679
-0.32471 -0.23891 0.57527
-0.15741 -0.40197 0.59361
0.06947 -0.48945 0.61180
0.32175 -0.48110 0.62986
0.55892 -0.37184 0.64780
0.74073 -0.17349 0.66560
0.83409 0.08639 0.68330
0.81916 0.36835 0.70087
0.69330 0.62722 0.71834
0.47243 0.81946 0.73570
0.18917 0.91066 0.75296
-0.11186 0.88173 0.77013
-0.38110 0.73282 0.78719
-0.57207 0.48415 0.80417
-0.64942 0.17345 0.82105
-0.59522 -0.14962 0.83785
-0.41271 -0.43131 0.85457
-0.12662 -0.62261 0.87120
0.22017 -0.68757 0.88776
0.57307 -0.60981 0.90424
0.87442 -0.39600 0.92064
1.07297 -0.07550 0.93697
1.13259 0.30363 0.95323
1.03884 0.68197 0.96942
0.80201 0.99821 0.98554
0.45633 1.19923 1.00160
0.05504 1.24912 1.01760
-0.33780 1.13569 1.03353
-0.65750 0.87319 1.04940
-0.84942 0.50082 1.06521
-0.87825 0.07697 1.08096
-0.73442 -0.32978 1.09665
-0.43638 -0.65164 1.11229
-0.02845 -0.83283 1.12788
0.42584 -0.83901 1.14341
0.85357 -0.66358 1.15889
1.18415 -0.32944 1.17431
1.36098 0.11389 1.18969
1.35111 0.59775 1.20501
1.15118 1.04507 1.22029
0.78879 1.38276 1.23552
0.31876 1.55380 1.25070
-0.18522 1.52693 1.26584
-0.64212 1.30240 1.28093
-0.97667 0.91271 1.29598
-1.13178 0.41801 1.31099
-1.07827 -0.10302 1.32595
-0.82033 -0.56563 1.34087
-0.39550 -0.89268 1.35574
0.13061 -1.02740 1.37058
0.67447 -0.94306 1.38538
1.14783 -0.64803 1.40014
1.47201 -0.18514 1.41486
1.59089 0.37455 1.42954
1.48057 0.94276 1.44418
1.15390 1.42797 1.45879
0.65911 1.75029 1.47336
0.07273 1.85466 1.48789
-0.51233 1.72031 1.50239
-1.00157 1.36481 1.51685
-1.31423 0.84198 1.53128
-1.39666 0.23379 1.54568
-1.23158 -0.36239 1.56004
-0.84157 -0.84934 1.57437
-0.28611 -1.14579 1.58866
0.34740 -1.19989 1.60293
0.95728 -0.99819 1.61716
1.44389 -0.56848 1.63136
1.72579 0.02397 1.64553
1.75331 0.68634 1.65967
1.51713 1.31287 1.67378
1.05048 1.80177 1.68786
0.42452 2.07180 1.70191
-0.26262 2.07581 1.71593
-0.90128 1.80892 1.72993
-1.38783 1.31002 1.74389
-1.64162 0.65618 1.75783
-1.61837 -0.04922 1.77174
-1.31793 -0.69285 1.78562
-0.78506 -1.16959 1.79948
-0.10277 -1.39972 1.81331
0.62041 -1.34222 1.82711
1.26771 -1.00199 1.84088
1.73286 -0.42976 1.85464
1.93745 0.28541 1.86836
1.84405 1.03000 1.88206
1.46288 1.68406 1.89574
0.85085 2.14047 1.90939
0.10300 2.32252 1.92301
-0.66227 2.19672 1.93662
-1.32209 1.77885 1.95019
-1.76886 1.13211 1.96375
-1.92793 0.35754 1.97728
-1.77009 -0.42179 1.99079
-1.31693 -1.08034 2.00427
-0.63806 -1.51043 2.01774
0.15953 -1.63984 2.03118
0.94825 -1.44398 2.04460
1.60025 -0.95049 2.05799
2.00809 -0.23548 2.07137
2.10236 0.58815 2.08472
1.86342 1.38850 2.09805
1.32519 2.03568 2.11136
0.57036 2.42288 2.12465
-0.28237 2.48388 2.13792
-1.09695 2.20429 2.15117
-1.74181 1.62448 2.16440
-2.11114 0.83378 2.17760
-2.14226 -0.04337 2.19079
-1.82633 -0.86707 2.20396
-1.21038 -1.50439 2.21711
-0.39040 -1.85089 2.23024
0.50357 -1.84783 2.24334
1.32802 -1.49220 2.25644
1.94900 -0.83786 2.26951
2.26386 0.01252 2.28256
2.21814 0.92341 2.29559
1.81495 1.74798 2.30861
1.11513 2.35161 2.32161
0.22804 2.63380 2.33458
-0.70547 2.54474 2.34755
-1.53549 2.09392 2.36049
-2.12713 1.34928 2.37341
-2.38242 0.42685 2.38632
-2.25653 -0.52739 2.39921
-1.76558 -1.36077 2.41208
-0.98472 -1.93848 2.42494
-0.03661 -2.16547 2.43778
0.92786 -2.00226 2.45060
1.75357 -1.47184 2.46341
2.30617 -0.65665 2.47620
2.49396 0.31410 2.48897
2.28311 1.28477 2.50172
1.70371 2.09814 2.51446
0.84560 2.62072 2.52719
-0.15554 2.76453 2.53989
-1.13959 2.50171 2.55259
-1.94754 1.86968 2.56526
-2.44714 0.96568 2.57792
-2.55452 -0.06822 2.59057
-2.24810 -1.06767 2.60320
-1.57278 -1.87223 2.61581
-0.63329 -2.35131 2.62841
0.42212 -2.42549 2.64099
1.42508 -2.07981 2.65356
2.21413 -1.36683 2.66611
2.66074 -0.39873 2.67865
2.69034 0.67014 2.69118
2.29488 1.66773 2.70369
1.53470 2.43190 2.71618
0.52949 2.83658 2.72866
-0.56048 2.81246 2.74113
-1.55979 2.35864 2.75358
-2.30600 1.54342 2.76602
-2.67591 0.49392 2.77845
-2.60580 -0.62385 2.79086
-2.10218 -1.63140 2.80325
-1.24142 -2.36637 2.81564
-0.15803 -2.70887 2.82801
0.97647 -2.60111 2.84036
1.98085 -2.05728 2.85271
2.69328 -1.16188 2.86503
2.99755 -0.05676 2.87735
2.84217 1.08129 2.88965
2.24925 2.06865 2.90194
1.31153 2.74442 2.91422
0.17806 2.99648 2.92648
-0.96929 2.78002 2.93874
-1.94489 2.12524 2.95097
-2.58917 1.13320 2.96320
-2.79452 -0.03995 2.97541
-2.52310 -1.20755 2.98761
-1.81342 -2.18231 2.99980
-0.77485 -2.80641 3.01198
0.42945 -2.97717 3.02414
1.60836 -2.66400 3.03629
2.57330 -1.91393 3.04843
3.16866 -0.84464 3.06056
3.29707 0.37388 3.07267
2.93552 1.54632 3.08478
2.13972 2.48326 3.09687
1.03567 3.03170 3.10895
-0.20001 3.09998 3.12101
-1.36812 2.67299 3.13307
-2.27878 1.81523 3.14512
-2.78205 0.66103 3.15715
-2.79235 -0.60655 3.16917
-2.30275 -1.78476 3.18118
-1.38668 -2.68369 3.19318
-0.18670 -3.15686 3.20517
1.10789 -3.12517 3.21714
2.29116 -2.59011 3.22911
3.17357 -1.63413 3.24106
3.61258 -0.40796 3.25301
3.53592 0.89311 3.26494
2.95377 2.06034 3.27686
1.95767 2.90503 3.28877
0.70643 3.28898 3.30067
-0.59891 3.14715 3.31256
-1.74720 2.49862 3.32444
-2.55098 1.44413 3.33630
-2.87687 0.15045 3.34816
-2.66737 -1.17595 3.36001
-1.95068 -2.32183 3.37184
-0.83676 -3.10146 3.38367
0.49978 -3.38666 3.39549
1.84731 -3.12783 3.40729
2.99097 -2.36248 3.41909
3.74719 -1.20981 3.43087
3.99342 0.14794 3.44265
3.68828 1.49428 3.45441
2.87878 2.61316 3.46616
1.69333 3.32361 3.47791
0.32168 3.50918 3.48964
-1.01522 3.13702 3.50137
-2.10050 2.26379 3.51308
-2.75631 1.02713 3.52479
-2.87265 -0.37595 3.53649
-2.42555 -1.72033 3.54817
-1.48144 -2.78880 3.55985
-0.18713 -3.40704 3.57151
1.25331 -3.47194 3.58317
2.61097 -2.96864 3.59482
3.66876 -1.97349 3.60646
4.25635 -0.64236 3.61809
4.27791 0.81386 3.62971
3.72796 2.16288 3.64132
2.69285 3.18816 3.65292
1.33745 3.72386 3.66451
-0.12082 3.68181 3.67609
-1.44668 3.06620 3.68767
-2.42464 1.97345 3.69923
-2.89379 0.57733 3.71079
-2.77402 -0.89852 3.72233
-2.07939 -2.21621 3.73387
-0.91647 -3.16176 3.74540
0.53222 -3.57966 3.75692
2.03710 -3.39819 3.76843
3.35811 -2.64153 3.77993
4.28325 -1.42640 3.79143
4.66286 0.05611 3.80291
4.43398 1.57080 3.81439
3.63108 2.87589 3.82586
2.38103 3.76188 3.83731
0.88334 4.08538 3.84876
-0.62156 3.79256 3.86021
-1.89062 2.92835 3.87164
-2.71733 1.62980 3.88307
-2.96502 0.10458 3.89448
-2.58932 -1.40195 3.90589
-1.64580 -2.64597 3.91729
-0.28162 -3.42440 3.92868
1.28757 -3.60776 3.94006
2.81188 -3.16143 3.95144
4.04718 -2.15173 3.96281
4.79432 -0.73590 3.97417
4.93142 0.86270 3.98552
4.43389 2.39008 3.99686
3.37895 3.60227 4.00819
1.93378 4.30455 4.01952
0.32917 4.38307 4.03084
-1.17720 3.82357 4.04215
-2.34200 2.71423 4.05345
-2.97547 1.23209 4.06475
-2.97220 -0.38491 4.07603
-2.32852 -1.87581 4.08731
-1.14366 -2.99848 4.09859
0.39560 -3.56857 4.10985
2.04449 -3.48949 4.12110
3.53923 -2.76840 4.13235
4.63934 -1.51565 4.14359
5.16638 0.07243 4.15483
5.03296 1.74457 4.16605
4.25730 3.23462 4.17727
2.96084 4.30428 4.18848
1.34931 4.78151 4.19968
-0.31988 4.58850 4.21088
-1.77874 3.75471 4.22207
-2.79165 2.41271 4.23325
-3.19344 0.77741 4.24442
-2.91628 -0.88805 4.25559
-2.00105 -2.31425 4.26675
-0.59143 -3.26883 4.27790
1.08872 -3.59395 4.28904
2.77086 -3.23206 4.30018
4.18471 -2.23568 4.31131
5.10162 -0.75950 4.32243
5.37155 0.96388 4.33354
4.94757 2.66099 4.34465
3.89392 4.06113 4.35575
2.37627 4.93993 4.36685
0.63563 5.15559 4.37793
-1.04999 4.67212 4.38901
-2.41005 3.56558 4.40009
-3.22497 2.01254 4.41115
-3.36167 0.26211 4.42221
-2.79535 -1.40363 4.43326
-1.61405 -2.71479 4.44431
-0.00507 -3.45714 4.45535
1.77464 -3.50670 4.46638
3.43939 -2.85020 4.47740
4.72050 -1.58771 4.48842
5.40954 0.08289 4.49943
5.39212 1.89715 4.51044
4.66669 3.56625 4.52143
3.34537 4.82324 4.53243
1.63648 5.46605 4.54341
-0.18842 5.39021 4.55439
-1.83788 4.60617 4.56536
-3.04725 3.23811 4.57632
-3.62130 1.50459 4.58728
-3.46596 -0.31613 4.59823
-2.60383 -1.93047 4.60918
-1.17119 -3.07662 4.62012
0.60339 -3.56674 4.63105
2.43533 -3.31749 4.64197
4.02943 -2.36387 4.65289
5.12728 -0.85421 4.66381
5.54892 0.97315 4.67471
5.22208 2.82771 4.68561
4.19433 4.41321 4.69651
2.62598 5.47516 4.70739
0.76486 5.84196 4.71827
-1.09307 5.45278 4.72915
-2.65100 4.36786 4.74002
-3.65899 2.75942 4.75088
-3.95423 0.88448 4.76174
-3.48769 -0.95600 4.77259
-2.33242 -2.46526 4.78343
-0.67243 -3.39842 4.79427
1.22638 -3.60200 4.80510
3.05853 -3.03905 4.81592
4.52784 -1.79553 4.82674
5.39504 -0.06713 4.83756
5.51646 1.87169 4.84836
4.86747 3.71143 4.85916
3.54706 5.15705 4.86996
1.76240 5.97545 4.88075
-0.20387 6.03316 4.89153
-2.03871 5.31819 4.90231
-3.44884 3.94253 4.91308
-4.20786 2.12468 4.92385
-4.19294 0.15505 4.93461
-3.40498 -1.65033 4.94536
-1.96899 -3.00050 4.95611
-0.11461 -3.67633 4.96685
1.86039 -3.56608 4.97759
3.63754 -2.68374 4.98832
4.92877 -1.16740 4.99904
5.52278 0.74246 5.00976
5.31928 2.74108 5.02047
4.34558 4.50811 5.03118
2.75276 5.75894 5.04188
0.79195 6.29060 5.05258
-1.22559 6.01465 5.06327
-2.97818 4.97188 5.07395
-4.18530 3.32631 5.08463
-4.65280 1.33937 5.09531
-4.30446 -0.67164 5.10597
-3.19470 -2.38429 5.11664
-1.50040 -3.52274 5.12729
0.50701 -3.90221 5.13794
2.50470 -3.45905 5.14859
4.17007 -2.26145 5.15923
5.23254 -0.49903 5.16987
5.51722 1.54708 5.18049
4.97335 3.54901 5.19112
3.68299 5.18459 5.20174
1.84838 6.18909 5.21235
-0.24003 6.39796 5.22296
-2.24986 5.77364 5.23356
-3.85996 4.41212 5.24416
-4.81202 2.52807 5.25475
-4.95231 0.42087 5.26534
-4.25675 -1.57312 5.27592
-2.83531 -3.13442 5.28649
-0.91490 -4.01173 5.29706
1.19659 -4.06260 5.30763
3.15940 -3.27671 5.31819
4.65631 -1.77805 5.32874
5.44364 0.19445 5.33929
5.39066 2.32482 5.34984
4.50105 4.27044 5.36037
2.91281 5.71697 5.37091
0.87666 6.42889 5.38144
-1.28379 6.28764 5.39196
-3.22365 5.31107 5.40248
-4.63208 3.65118 5.41299
-5.28228 1.57016 5.42350
-5.06822 -0.60119 5.43400
-4.02216 -2.51635 5.44450
-2.30998 -3.86859 5.45499
-0.20508 -4.44039 5.46548
1.95510 -4.13869 5.47596
3.82298 -3.01029 5.48644
5.09662 -1.23490 5.49691
5.56832 0.90321 5.50738
5.15834 3.06045 5.51785
3.92820 4.88883 5.52830
2.07133 6.09176 5.53876
-0.11750 6.47191 5.54920
-2.28906 5.96322 5.55965
-4.09554 4.64201 5.57009
-5.24636 2.71526 5.58052
-5.55505 0.48789 5.59095
-4.96952 -1.68580 5.60137
-3.58099 -3.45884 5.61179
-1.60982 -4.54728 5.62220
0.62935 -4.77601 5.63261
2.77774 -4.10725 5.64302
4.48987 -2.64715 5.65342
5.48905 -0.62926 5.66381
5.61202 1.62249 5.67420
4.83561 3.74540 5.68459
3.28094 5.39613 5.69497
1.19454 6.30585 5.70534
-1.09080 6.32364 5.71571
-3.20909 5.44118 5.72608
-4.81975 3.79456 5.73644
-5.66240 1.64300 5.74680
-5.59890 -0.67230 5.75715
-4.63598 -2.78266 5.76750
-2.92470 -4.35096 5.77784
-0.73666 -5.12586 5.78818
1.57907 -4.98243 5.79851
3.65175 -3.94268 5.80884
5.14838 -2.17253 5.81917
5.82726 0.04430 5.82949
5.57711 2.35140 5.83980
4.43541 4.37663 5.85011
2.58287 5.79175 5.86042
0.31499 6.36528 5.87072
-2.00502 6.00000 5.88102
-4.00421 4.74897 5.89131
-5.35979 2.80763 5.90160
-5.85104 0.48284 5.91188
-5.39514 -1.85588 5.92216
-4.06089 -3.83551 5.93244
-2.05823 -5.13933 5.94271
0.29496 -5.55793 5.95297
2.62351 -5.02324 5.96324
4.55496 -3.61987 5.97349
5.77933 -1.57214 5.98374
6.09911 0.79154 5.99399
5.46129 3.09090 6.00424
3.96639 4.95475 6.01448
1.85287 6.08053 6.02471
-0.54069 6.28309 6.03494
-2.82959 5.52483 6.04517
-4.64456 3.92222 6.05539
-5.69105 1.72762 6.06561
-5.79682 -0.71070 6.07582
-4.93992 -3.00420 6.08603
-3.25275 -4.78622 6.09624
-1.00133 -5.77090 6.10644
1.45693 -5.79933 6.11663
3.73028 -4.86547 6.12683
5.45539 -3.11764 6.13702
6.35570 -0.83520 6.14720
6.28616 1.61581 6.15738
5.25685 3.84113 6.16755
3.43195 5.48143 6.17773
1.10386 6.27012 6.18789
-1.35327 6.07641 6.19805
-3.54332 4.92673 6.20821
-5.11169 3.00106 6.21837
-5.80231 0.60448 6.22852
-5.49910 -1.88130 6.23866
-4.24499 -4.05898 6.24881
-2.23562 -5.57936 6.25894
0.21163 -6.19750 6.26908
2.70808 -5.81239 6.27921
4.85597 -4.48361 6.28933
6.31218 -2.42230 6.29946
6.84351 0.04228 6.30957
